2.0,1.0,1.0,960.9971663169739,960.9971663169739,0.0,0.0,775.0,0.7864695722670871,94.62512799999999,1139.5,209.5,0.0
75.0,1.0,71.0,183.03829349589043,183.03829349589043,0.0,470.6566666666667,775.9466666666667,0.6442990694020923,69.70306468859258,107086.44,24888.533333333333,5011.413333333333
75.0,1.0,74.0,528.5065173441427,528.5065173441427,0.0,0.0,785.2,0.6311862290398151,420.4692227223703,117432.96,17754.306666666667,0.0
100.0,1.0,4.0,5187.868931702145,5187.868931702145,0.0,30806.243333333332,785.42,0.6470280789032418,74.37932231199997,4200.51,852.03,2043.19
125.0,1.0,9.0,1982.2417195119301,1982.2417195119301,0.0,9967.086666666666,782.12,0.4326813302053331,65.59623952995555,17640.496,3050.744,4831.128
140.0,1.0,9.0,2525.5174888139873,2525.5174888139873,0.0,34853.09333333333,781.7857142857143,0.6155320748148431,72.74085223492065,8891.128571428571,1736.5785714285714,2564.7714285714287
140.0,1.0,134.0,342.7979441932402,342.7979441932402,0.0,875.2966666666666,782.0785714285714,0.6986801703918677,274.431647327619,225225.5,44186.33571428571,8171.528571428571
125.0,1.0,9.0,673.5578971466731,673.5578971466731,0.0,3977.5633333333335,775.584,0.4504567390743648,56.49879694862224,17029.048,4214.648,4958.352
140.0,1.0,4.0,3130.578143202574,3130.578143202574,0.0,43519.52,781.75,0.5860812284328405,63.07193446476191,4905.95,882.9571428571429,2285.4857142857145
25.0,1.0,24.0,585.4272045036668,585.4272045036668,0.0,0.0,775.64,0.7777584258856372,82.28424494222223,21201.76,5448.68,0.0
10.0,1.0,8.0,641.4064769119472,641.4064769119472,0.0,1637.6066666666666,781.6,0.6991707873969923,292.9562072888889,7258.5,1797.4,1763.5
100.0,1.0,13.15,1975.5265659291135,1975.5265659291135,0.0,26836.603333333333,785.51,0.6465572742820899,115.2223274222222,12022.56,2357.62,2284.08
75.0,1.0,4.0,4775.601029332158,4775.601029332158,0.0,24086.543333333335,785.3733333333333,0.6620239621842039,103.02552993185186,3760.88,841.32,1877.6666666666667
25.0,1.0,8.0,1195.425117364107,1195.425117364107,0.0,6600.586666666667,781.68,0.6706142895260631,154.37551683555554,6378.72,1502.08,1840.56
100.0,1.0,9.0,2194.376812846695,2194.376812846695,0.0,30101.446666666667,781.9,0.6432770309615796,84.82737858666667,7593.1,1591.02,2111.54
25.0,1.0,23.0,472.92322260638485,472.92322260638485,0.0,3441.633333333333,785.32,0.591527376749018,264.27603953777776,26304.88,4579.56,2357.12
2.0,1.0,0.0,382.5547331729916,382.5547331729916,0.0,1143.86,775.0,0.7031795263696464,88.53308755555555,1073.0,221.0,921.0
10.0,1.0,6.0,417.91872806266724,417.91872806266724,0.0,4684.26,781.6,0.6407225801127223,177.21346293333332,3758.6,1022.8,1419.9
100.0,1.0,99.0,521.5726485902003,521.5726485902003,0.0,0.0,785.75,0.67268786578949,429.92349967999996,158536.18,23713.4,0.0
100.0,1.0,99.0,127.17430043678934,127.17430043678934,0.0,0.0,775.72,0.7124596463680039,72.40225620177777,124401.59,22189.55,0.0
125.0,1.0,4.0,2936.142148254932,2936.142148254932,0.0,40751.53333333333,781.776,0.5975028339212447,62.07995688177773,4627.944,868.056,2153.24
125.0,1.0,119.304,364.6083946092663,364.6083946092663,0.0,1096.7433333333333,782.216,0.6992437536831071,276.6518868807111,191770.256,36433.56,7117.712
50.0,1.0,9.0,1410.7442767819603,1410.7442767819603,0.0,18977.356666666667,785.68,0.6185391748579745,131.84605125333331,6371.1,1394.86,1780.76
100.0,1.0,95.06,545.0788217131206,545.0788217131206,0.0,1631.1266666666668,785.42,0.685291632737614,315.8719919964444,134639.55,23337.38,5808.3
50.0,1.0,13.0,1807.6713573594434,1807.6713573594434,0.0,8682.2,785.2,0.6549849157508052,155.13558923022222,12816.46,2239.78,2184.96
2.0,1.0,1.0,876.873473544984,876.873473544984,0.0,0.0,781.5,0.7853914496917607,403.27001288888886,1300.0,203.0,0.0
25.0,1.0,8.0,1215.2030397352564,1215.2030397352564,0.0,5716.14,775.2,0.7204147415425074,87.01896545066668,5590.8,1476.04,1692.4
100.0,1.0,95.07,445.6280861569002,445.6280861569002,0.0,1135.0433333333333,782.32,0.7070591693184598,291.7634390933332,129728.15,24052.26,5663.35
100.0,1.0,95.05,553.3639019285769,553.3639019285769,0.0,1413.6,785.49,0.6961207354476993,316.0287286035554,133317.88,24125.77,6007.99
75.0,1.0,74.0,213.38926332856266,213.38926332856266,0.0,0.0,775.52,0.7352712433874963,77.87846333629629,81954.68,15898.626666666667,0.0
10.0,1.0,3.0,892.0961084602536,892.0961084602536,0.0,4102.753333333333,785.3,0.6496298351227391,163.46890124444442,2494.6,648.0,1499.5
140.0,1.0,14.0,3322.360979279429,3322.360979279429,0.0,19507.16,785.35,0.6560670995115877,101.29885885079361,16800.242857142857,2831.6857142857143,3188.957142857143
25.0,1.0,24.0,540.5409152389065,540.5409152389065,0.0,0.0,785.28,0.5607364696074127,349.5659595271111,36679.8,6007.8,0.0
75.0,1.0,9.0,1692.812878873747,1692.812878873747,0.0,9883.616666666667,775.48,0.7098261274664246,68.37037473659258,7759.613333333334,1666.5333333333333,1982.44
10.0,1.0,8.0,718.4393539863955,718.4393539863955,0.0,1837.1033333333332,775.0,0.779720059895668,91.40284524444444,5590.0,1682.6,1536.4
10.0,1.0,3.0,438.33237730550843,438.33237730550843,0.0,5511.536666666667,785.7,0.6008608311698554,141.824164,2302.5,589.7,1355.8
50.0,1.0,47.0,406.2987973054438,406.2987973054438,0.0,2832.076666666667,775.46,0.7673942736117509,83.78746317155554,39982.86,9433.78,2655.7
140.0,1.0,9.0,1369.862471487286,1369.862471487286,0.0,8099.7266666666665,775.2714285714286,0.6598540840552789,60.56256406920633,10712.085714285715,1895.7,2914.6428571428573
2.0,1.0,1.0,935.6895397579885,935.6895397579885,0.0,0.0,781.5,0.7875921353721627,413.87737333333337,1247.5,222.0,0.0
10.0,1.0,3.0,432.4873777384922,432.4873777384922,0.0,5458.616666666667,781.6,0.6035970544286433,139.67720995555553,2294.9,597.8,1363.3
140.0,1.0,4.0,2170.7005374459627,2170.7005374459627,0.0,12930.49,782.1285714285714,0.33351336191699943,59.839164615238076,11468.042857142857,2215.057142857143,5351.657142857143
100.0,1.0,99.0,451.7159040362959,451.7159040362959,0.0,0.0,785.4,0.5974302996376389,408.695034056,187100.18,21167.92,0.0
2.0,1.0,0.0,410.6157139991063,410.6157139991063,0.0,1049.9366666666667,781.0,0.7004147454669647,262.3919968888889,1112.0,225.0,977.5
25.0,1.0,23.0,540.2735517581224,540.2735517581224,0.0,1685.3033333333333,781.92,0.6205758915322392,255.3055436444444,26762.84,5122.96,2562.52
125.0,1.0,4.0,2573.5870445406495,2573.5870445406495,0.0,13046.646666666667,782.184,0.38521408836934334,60.68489429902221,9932.928,1878.88,4213.192
140.0,1.0,139.0,331.60279416531745,331.60279416531745,0.0,0.0,782.3642857142858,0.6855591309348015,391.0204627403173,249542.44285714286,40492.421428571426,0.0
10.0,1.0,9.0,691.8102464994005,691.8102464994005,0.0,0.0,781.7,0.6910103499433337,388.73877075555555,9116.8,1814.3,0.0
140.0,1.0,14.0,535.2351306870249,535.2351306870249,0.0,2675.58,774.9857142857143,0.522544183313349,57.31110942349207,20642.22142857143,3784.135714285714,4234.378571428571
75.0,1.0,13.0,726.9767370199891,726.9767370199891,0.0,4193.966666666666,775.56,0.5718626550923055,58.359100476444446,19983.866666666665,4466.72,3237.3333333333335
25.0,1.0,8.0,772.8863651455655,772.8863651455655,0.0,9960.36,781.72,0.6312153530354336,138.55360405688882,5442.88,1369.44,1664.84
125.0,1.0,14.0,580.35966562098,580.35966562098,0.0,2894.91,775.544,0.5266535272826021,56.52455381333333,21235.584,4377.912,4439.896
10.0,1.0,3.0,807.1500293802758,807.1500293802758,0.0,4357.623333333333,785.2,0.6444307196230413,154.9674270222222,2436.5,640.1,1473.2
25.0,1.0,8.0,1313.955582972699,1313.955582972699,0.0,6182.01,785.28,0.6552512796553536,157.27040611200002,6842.24,1521.24,1904.2
140.0,1.0,4.0,6030.892793364228,6030.892793364228,0.0,35936.11666666667,785.3642857142858,0.6136662331705413,63.33446817015873,5255.342857142857,929.9071428571428,2448.8285714285716
50.0,1.0,13.0,1197.5603606009781,1197.5603606009781,0.0,15754.833333333334,785.38,0.6266846365382626,145.5686848942222,10396.4,2089.78,1917.42
25.0,1.0,24.0,531.3373566405777,531.3373566405777,0.0,0.0,781.76,0.5988417143340589,338.46908042666666,33885.52,5939.24,0.0
25.0,1.0,24.0,552.0358907775758,552.0358907775758,0.0,0.0,785.28,0.5722949434713756,332.1242350186666,35984.6,6094.2,0.0
75.0,1.0,13.0,1131.2576302519328,1131.2576302519328,0.0,5548.623333333333,775.32,0.6953072239736859,68.10366261925925,12934.293333333333,2539.08,2167.0933333333332
140.0,1.0,14.0,702.9880784489882,702.9880784489882,0.0,4132.593333333333,775.45,0.6106943386700445,58.142936506666665,19773.007142857143,3788.807142857143,3876.407142857143
2.0,1.0,1.0,899.043482575053,899.043482575053,0.0,0.0,785.0,0.7885028903099274,407.8817955555556,1293.5,204.5,0.0
10.0,1.0,3.0,890.9882786580911,890.9882786580911,0.0,4096.513333333333,781.7,0.6568598649292288,155.92986985777776,2437.3,648.4,1471.2
50.0,1.0,4.0,1727.637709138041,1727.637709138041,0.0,23722.15,785.08,0.5989201538102248,91.94551184000001,2971.9,704.84,1599.8
100.0,1.0,4.0,2519.5100648942525,2519.5100648942525,0.0,14965.11,782.09,0.4259592226250079,60.83190128977776,8914.63,2027.0,3563.19
50.0,1.0,12.54,1248.6903385267158,1248.6903385267158,0.0,6001.61,775.08,0.7278806932884485,81.310872192,10271.12,2249.98,1944.4
140.0,1.0,4.0,3336.7252566027705,3336.7252566027705,0.0,46428.75666666667,785.2071428571429,0.580536182111979,59.92344574920634,4796.4857142857145,885.1714285714286,2259.3785714285714
2.0,1.0,1.0,607.2467701291578,607.2467701291578,0.0,0.0,785.0,0.7828988740407283,329.5629826666666,1514.0,179.0,0.0
75.0,1.0,71.0,480.830152551094,480.830152551094,0.0,1454.5566666666666,781.9866666666667,0.6816259591669589,278.1205893428148,92333.77333333333,17097.133333333335,4247.133333333333
100.0,1.0,95.99,148.37893792590842,148.37893792590842,0.0,356.29333333333335,774.49,0.7377465740884351,89.66099342666661,115677.31,23599.16,5107.15
10.0,1.0,8.0,435.8655623926377,435.8655623926377,0.0,3046.403333333333,781.4,0.6751852686838444,271.4671248888889,6549.8,1615.9,1612.8
2.0,1.0,1.0,957.5615455524508,957.5615455524508,0.0,0.0,785.0,0.789540249051478,402.7345992888889,1244.0,222.0,0.0
25.0,1.0,23.0,588.1854526857476,588.1854526857476,0.0,1562.3,775.28,0.7558772464822205,89.71482528,18449.52,4954.28,2172.0
125.0,1.0,4.0,2526.411631002876,2526.411631002876,0.0,15034.26,782.008,0.39086774757843223,59.3842354801778,9558.312,1876.04,4232.88
2.0,1.0,1.0,1013.1175040344789,1013.1175040344789,0.0,0.0,775.0,0.7851711200025884,92.45694355555555,1090.0,237.0,0.0
50.0,1.0,49.0,519.8767178041195,519.8767178041195,0.0,0.0,785.08,0.5818944052257387,394.0290426044443,77433.58,10146.18,0.0
125.0,1.0,9.0,4051.3765547313387,4051.3765547313387,0.0,23920.273333333334,785.264,0.6599645501600867,96.0615187669333,10112.144,1840.896,2687.216
100.0,1.0,95.11,161.93100618451527,161.93100618451527,0.0,1137.24,775.43,0.7547222271153506,79.0100103075555,106991.32,24194.99,4646.62
25.0,1.0,4.0,1666.1852934575372,1666.1852934575372,0.0,9600.223333333333,785.44,0.640370111040045,136.78054644622222,2979.28,756.92,1688.32
10.0,1.0,6.0,729.6815222172542,729.6815222172542,0.0,2984.346666666667,785.1,0.676594735753189,217.43749724444444,4589.5,1191.6,1596.9
125.0,1.0,124.0,455.96955941932015,455.96955941932015,0.0,0.0,785.496,0.6685049039555087,430.0431462101334,226937.184,34902.616,0.0
100.0,1.0,95.08,165.80866123429092,165.80866123429092,0.0,496.18666666666667,775.37,0.7799829912683574,86.20404010577779,105561.05,25067.84,4975.43
140.0,1.0,4.0,2276.4469726514008,2276.4469726514008,0.0,31617.783333333333,775.2214285714285,0.6004983885166452,55.24530793650793,5226.707142857143,912.5785714285714,2366.7571428571428
50.0,1.0,4.0,2402.7830892703973,2402.7830892703973,0.0,14128.746666666666,775.42,0.6624213151001749,70.79289975111112,3332.92,742.32,1673.24
25.0,1.0,23.0,594.8253831066565,594.8253831066565,0.0,1580.02,785.28,0.6218781795814933,279.43808383999993,26988.48,5167.68,2609.48
100.0,1.0,13.13,2834.8500135816266,2834.8500135816266,0.0,16492.843333333334,785.37,0.6778186675820668,123.08667803822222,14705.47,2472.21,2572.14
10.0,1.0,3.0,457.33787080159874,457.33787080159874,0.0,5754.006666666667,775.2,0.6197724002536188,97.7863767111111,2194.7,579.2,1274.2
10.0,1.0,9.0,684.5284031572633,684.5284031572633,0.0,0.0,784.9,0.6649374563688711,382.8181842666667,9712.7,1840.1,0.0
10.0,1.0,3.0,912.6624467703418,912.6624467703418,0.0,4197.06,775.2,0.6816738552873559,100.85481031111112,2326.7,632.2,1359.1
100.0,1.0,9.0,714.4607249291884,714.4607249291884,0.0,3577.79,775.34,0.4725971556694355,54.078857716444425,16308.39,3441.71,3783.99
140.0,1.0,9.0,4309.182754631232,4309.182754631232,0.0,25487.226666666666,785.4142857142857,0.643802563077135,83.3729291720635,10575.035714285714,1864.3428571428572,2863.55
10.0,1.0,9.0,746.3735906857754,746.3735906857754,0.0,0.0,785.2,0.6641808148346838,382.07462924444445,9851.5,2063.8,0.0
25.0,1.0,23.0,553.8035768293066,553.8035768293066,0.0,1471.6,781.8,0.6242045654929123,253.15302574222218,26908.56,5197.28,2578.76
25.0,1.0,4.0,914.4821600915297,914.4821600915297,0.0,12275.556666666667,781.6,0.6055852991854274,102.57812935111113,2735.4,711.16,1518.92
10.0,1.0,8.0,430.716275014668,430.716275014668,0.0,3007.26,785.1,0.6620768661293752,277.70962257777774,6880.3,1619.5,1644.9
2.0,1.0,0.0,200.58367504628774,200.58367504628774,0.0,1400.6766666666667,775.0,0.7014425041248173,77.12027777777777,1099.5,221.0,883.5
10.0,1.0,8.0,604.3547416408636,604.3547416408636,0.0,1814.8633333333332,781.4,0.6929476127272535,293.6118768,7376.2,1726.4,1749.6
75.0,1.0,4.0,1090.798612936955,1090.798612936955,0.0,6456.34,775.36,0.441555693273242,52.941424693333325,10201.253333333334,1866.32,3286.4533333333334
10.0,1.0,6.0,675.6406073612105,675.6406073612105,0.0,3241.65,785.3,0.6738595778558122,206.0630148444444,4477.1,1159.2,1579.5
100.0,1.0,4.0,1269.8224704625807,1269.8224704625807,0.0,17587.353333333333,775.19,0.48393246072629964,52.431204555555546,8436.86,1582.58,2951.62
140.0,1.0,9.0,594.8900054825644,594.8900054825644,0.0,2995.71,775.2071428571429,0.4523649881580608,55.70700098603173,17268.128571428573,3929.2,4556.907142857143
10.0,1.0,9.0,863.2557116171483,863.2557116171483,0.0,0.0,775.2,0.8020163521435937,99.38691173333333,6770.8,1846.5,0.0
75.0,1.0,9.0,2712.8170902918587,2712.8170902918587,0.0,15844.263333333334,781.8533333333334,0.6879972428579731,117.11238706962962,8176.253333333333,1670.3333333333333,2070.08
100.0,1.0,4.0,1116.9869754967533,1116.9869754967533,0.0,6625.933333333333,775.29,0.4590153538099643,52.62965361866665,8554.12,1548.03,3218.98
75.0,1.0,4.0,2329.2243469827044,2329.2243469827044,0.0,32172.346666666668,781.6933333333334,0.6188390761452945,74.60567430637037,3330.0,779.7866666666666,1695.68
140.0,1.0,9.0,1822.9929785221905,1822.9929785221905,0.0,9184.16,782.2357142857143,0.3846175270070603,66.75411008888891,18679.157142857144,3616.5714285714284,5241.528571428571
50.0,1.0,8.8,1664.5177502527863,1664.5177502527863,0.0,8170.416666666667,775.3,0.7168572867455256,79.72055008000001,6668.32,1536.08,1847.18
25.0,1.0,11.0,710.7412221417707,710.7412221417707,0.0,8756.463333333333,775.32,0.6836161912600089,81.00905112533331,7063.96,1937.84,1616.32
50.0,1.0,4.0,3184.4279683320046,3184.4279683320046,0.0,15949.903333333334,781.62,0.6551706014591252,114.62235451022224,3402.68,759.4,1766.46
75.0,1.0,9.0,3061.4209233274914,3061.4209233274914,0.0,17887.27666666667,785.4,0.6739969139109665,123.04173218370373,8330.2,1663.7733333333333,2088.88
25.0,1.0,4.0,1558.9491018054773,1558.9491018054773,0.0,8978.11,775.44,0.6723920848984344,82.77320927999999,2863.72,745.44,1551.08
25.0,1.0,8.0,777.9848310196157,777.9848310196157,0.0,10004.37,785.72,0.6222571618785256,152.8711946097778,5559.24,1360.48,1685.4
50.0,1.0,4.0,1701.7740272226024,1701.7740272226024,0.0,23310.72333333333,781.72,0.6048726219171077,86.12804474666665,2982.0,705.22,1591.88
25.0,1.0,4.0,1676.3744187352347,1676.3744187352347,0.0,8224.38,775.32,0.6802456215144582,84.50450300444443,2904.88,747.72,1567.72
100.0,1.0,99.0,398.98111351691114,398.98111351691114,0.0,0.0,782.53,0.6660028268691641,398.7252669777778,158216.61,22155.61,0.0
125.0,1.0,119.288,472.46533303636136,472.46533303636136,0.0,1431.0166666666667,785.776,0.6782486560219476,307.66467888995567,196048.12,35421.2,7456.16
10.0,1.0,8.0,688.0809261457426,688.0809261457426,0.0,2063.31,775.2,0.7770641630413258,90.90871431111111,5494.5,1672.4,1522.2
2.0,1.0,0.0,414.8566757608898,414.8566757608898,0.0,1061.8766666666668,785.0,0.7033070015466221,264.624444,1094.5,221.0,974.5
100.0,1.0,95.05,456.1328628023708,456.1328628023708,0.0,1365.6933333333334,782.29,0.7134486974600734,299.4921797466667,124901.08,23533.4,5471.92
75.0,1.0,4.0,1012.2968091700692,1012.2968091700692,0.0,5101.666666666667,775.2,0.413231822793932,51.776166377481466,10877.44,2071.04,3456.8533333333335
10.0,1.0,7.0,712.7393770318494,712.7393770318494,0.0,2552.6966666666667,775.4,0.755976905979127,96.25617413333332,4760.9,1462.7,1478.2
2.0,1.0,1.0,696.3260939684397,696.3260939684397,0.0,0.0,775.5,0.7838928852096023,85.19905733333333,1256.5,178.5,0.0
10.0,1.0,6.0,418.3438259528043,418.3438259528043,0.0,4678.8533333333335,785.7,0.6386500412047538,178.5011935111111,3759.2,1023.1,1433.9
2.0,1.0,1.0,955.5910731766105,955.5910731766105,0.0,0.0,785.5,0.787581684445483,399.4750462222222,1235.0,221.5,0.0
50.0,1.0,9.0,2062.376511857108,2062.376511857108,0.0,11881.54,781.96,0.6718371168299723,139.14092511111116,7397.28,1511.16,1944.78
2.0,1.0,1.0,964.7740852089597,964.7740852089597,0.0,0.0,775.0,0.7856025717777669,110.01112533333334,1130.0,205.5,0.0
125.0,1.0,4.0,805.0886650140857,805.0886650140857,0.0,4787.873333333333,775.168,0.38260330054044156,53.06310068337778,10386.888,1972.848,4284.624
75.0,1.0,71.0,485.70710174520383,485.70710174520383,0.0,1253.8033333333333,782.0666666666667,0.6858062689850155,278.4080207158517,92414.96,17395.08,4363.413333333333
2.0,1.0,0.0,368.2870746186688,368.2870746186688,0.0,1104.86,781.5,0.7013719513994424,253.3726671111111,1103.5,217.0,971.5
2.0,1.0,1.0,617.3752422435848,617.3752422435848,0.0,0.0,782.0,0.7842252170754048,353.0733991111111,1475.0,175.5,0.0
100.0,1.0,13.12,575.8627705963786,575.8627705963786,0.0,2854.2166666666667,775.03,0.5225427222364072,56.313119382222204,22444.15,4456.67,3810.71
100.0,1.0,9.0,1588.2613089369731,1588.2613089369731,0.0,21748.793333333335,775.18,0.6555406192767692,58.89065738133331,7794.22,1584.46,2144.14
25.0,1.0,8.0,1231.6202355099051,1231.6202355099051,0.0,6800.37,785.32,0.6523034840817646,154.65339747555552,6612.56,1497.76,1867.88
125.0,1.0,9.0,2403.7554930811284,2403.7554930811284,0.0,33088.653333333335,781.824,0.6323422657367764,74.72348875377779,8376.136,1710.488,2405.536
75.0,1.0,9.0,1626.0176134136432,1626.0176134136432,0.0,8089.756666666667,775.1866666666666,0.6976882366067375,68.03177754311108,8206.68,1694.8,2014.4533333333334
50.0,1.0,8.82,1300.8753547466665,1300.8753547466665,0.0,7497.413333333333,775.26,0.6337427522606882,65.7695811022222,8909.94,1769.6,2009.62
125.0,1.0,9.0,4308.954291933033,4308.954291933033,0.0,21672.036666666667,785.296,0.6645909053461864,97.1346121336889,10524.864,1884.376,2753.4
100.0,1.0,95.06,430.91072187549673,430.91072187549673,0.0,3015.1033333333335,782.47,0.7116785694977379,279.2918230693333,121007.75,22768.63,5015.53
100.0,1.0,4.0,1307.2302186887425,1307.2302186887425,0.0,6612.3,775.36,0.48153703161842,54.23319325599999,7616.73,1687.91,2883.95
25.0,1.0,24.0,524.6398321402837,524.6398321402837,0.0,0.0,775.36,0.7304821545936051,78.33339349333333,23509.68,5300.24,0.0
10.0,1.0,7.0,672.0219869710535,672.0219869710535,0.0,2820.2733333333335,775.4,0.7472163295636467,98.45856097777778,4687.9,1445.4,1468.9
125.0,1.0,14.0,2193.5700689660775,2193.5700689660775,0.0,29977.62,785.408,0.6368052999672988,100.94057879964448,13066.488,2536.144,2595.728
50.0,1.0,4.0,3148.3613439278483,3148.3613439278483,0.0,18508.073333333334,785.4,0.6362696509478741,123.88737627911111,3259.08,751.7,1749.0
75.0,1.0,71.0,264.2315735576404,264.2315735576404,0.0,1869.3166666666666,775.4,0.7756107464335011,84.55088050607404,68745.96,16555.653333333332,3374.08
25.0,1.0,4.0,1775.2607760909864,1775.2607760909864,0.0,8709.953333333333,781.48,0.6577870181129086,136.48456525155558,3049.84,767.08,1690.72
50.0,1.0,49.0,528.6913228397572,528.6913228397572,0.0,0.0,785.26,0.5830060864680076,388.08384974577785,79957.44,10554.78,0.0
25.0,1.0,4.0,933.6072967824455,933.6072967824455,0.0,12556.453333333333,775.16,0.6214998678469857,68.46684554666666,2651.16,690.36,1441.88
50.0,1.0,47.0,569.4594882596816,569.4594882596816,0.0,1453.86,785.42,0.6142174807153018,290.747936928,63497.06,10211.14,3737.14
50.0,1.0,4.0,3466.5122002862036,3466.5122002862036,0.0,17362.703333333335,785.42,0.6473068247768694,125.73774242311109,3351.66,760.28,1777.9
50.0,1.0,49.0,324.18795208607565,324.18795208607565,0.0,0.0,774.86,0.7098971979605766,69.56822993066666,52030.76,9652.52,0.0
140.0,1.0,9.0,1533.5351089750686,1533.5351089750686,0.0,21162.42,775.4642857142857,0.64042038615715,59.71044007682539,9409.75,1791.5928571428572,2682.3571428571427
100.0,1.0,4.0,2863.097026584645,2863.097026584645,0.0,39697.11,785.24,0.6071873851767573,69.41116847111114,3823.43,813.48,1882.7
2.0,1.0,0.0,437.215863683032,437.215863683032,0.0,1116.25,775.0,0.6982788726716721,107.79835466666667,1033.5,210.5,913.0
125.0,1.0,4.0,872.5805755463773,872.5805755463773,0.0,4422.67,775.392,0.392385714273583,52.970982382933336,9890.952,1632.272,3979.6
25.0,1.0,11.0,990.233014277121,990.233014277121,0.0,4449.51,775.48,0.7309962150409813,90.00753450666667,8098.52,2120.0,1753.32
10.0,1.0,9.0,755.2992048817875,755.2992048817875,0.0,0.0,781.3,0.6953243780184175,398.6147363555555,9161.1,2045.9,0.0
75.0,1.0,4.0,4355.494873405938,4355.494873405938,0.0,25786.33,785.32,0.6538808258037002,96.56905759644448,3647.1066666666666,827.32,1842.2933333333333
125.0,1.0,4.0,943.7890881933045,943.7890881933045,0.0,13125.246666666666,775.312,0.41796686682176554,53.0551287808,9699.64,1737.304,3650.92
75.0,1.0,71.0,571.2636133162231,571.2636133162231,0.0,1735.29,785.1733333333333,0.6691623372243434,311.7633839881479,94750.0,17049.18666666667,4381.906666666667
75.0,1.0,9.0,1587.2536937141213,1587.2536937141213,0.0,21644.116666666665,775.2533333333333,0.6809877910910761,60.62505095585184,6496.386666666666,1585.4533333333334,1837.7733333333333
50.0,1.0,9.0,2365.412184658551,2365.412184658551,0.0,11604.543333333333,785.36,0.6611185395838978,150.46411528355551,7889.36,1531.2,2014.7
125.0,1.0,14.0,3268.8967117487896,3268.8967117487896,0.0,16308.21,785.512,0.6701086869250007,108.91521345991109,17002.136,2784.08,3044.256
50.0,1.0,8.8,1310.1390642673475,1310.1390642673475,0.0,17625.56,775.38,0.6645229484133921,68.49320394311111,5668.36,1403.06,1680.12
100.0,1.0,99.0,525.8008086276899,525.8008086276899,0.0,0.0,785.38,0.6784272599850253,437.3173947946663,157432.46,23954.53,0.0
25.0,1.0,23.0,582.2573977797,582.2573977797,0.0,1812.52,775.36,0.7490508182172144,87.83734574222223,18310.32,4829.56,2137.12
25.0,1.0,11.0,1041.1839668798455,1041.1839668798455,0.0,4685.4766666666665,785.28,0.6450185639029778,175.19926986311108,10690.28,2209.96,2027.84
10.0,1.0,7.0,619.25224543818,619.25224543818,0.0,2597.28,785.4,0.6831452812758034,241.09805768888887,5983.1,1501.0,1655.4
140.0,1.0,4.0,947.601939871922,947.601939871922,0.0,5645.206666666667,775.3857142857142,0.44522322006118065,54.98566066349207,8598.528571428571,1819.2928571428572,3551.114285714286
10.0,1.0,7.0,660.8403523264718,660.8403523264718,0.0,2362.2233333333334,785.3,0.6861873003117405,243.90433804444447,6092.5,1526.6,1674.1
125.0,1.0,124.0,344.3792584164788,344.3792584164788,0.0,0.0,782.016,0.6986961801772772,390.78027553920003,217784.528,35018.656,0.0
10.0,1.0,3.0,833.6534805294258,833.6534805294258,0.0,4501.863333333334,775.3,0.6708999106854895,97.36719431111112,2263.3,620.4,1347.5
75.0,1.0,4.0,2079.0336471769483,2079.0336471769483,0.0,28737.44,775.2933333333333,0.6275813514511166,58.388512425481466,3482.0133333333333,772.1333333333333,1690.2933333333333
2.0,1.0,1.0,690.6406232460133,690.6406232460133,0.0,0.0,775.0,0.7842910150131707,87.7153911111111,1274.0,176.0,0.0
10.0,1.0,9.0,735.8147755647274,735.8147755647274,0.0,0.0,781.4,0.6843044739102825,385.38305741333335,9354.1,2015.0,0.0
25.0,1.0,8.0,1162.4463322044946,1162.4463322044946,0.0,6418.863333333334,775.16,0.7132617064817451,87.95027021155553,5483.88,1466.32,1674.32
50.0,1.0,13.0,1714.2454885277343,1714.2454885277343,0.0,9669.12,785.36,0.6518683044239403,150.1355008604444,12542.08,2225.34,2141.62
140.0,1.0,134.0,345.3665091292526,345.3665091292526,0.0,1034.36,782.2928571428571,0.7044699448548903,278.81526787111096,220731.87857142856,43666.22142857143,7986.921428571429
75.0,1.0,13.0,1640.4193302494473,1640.4193302494473,0.0,22067.113333333335,785.2533333333333,0.6451136500606001,129.1218335336296,11369.213333333333,2326.56,2038.5866666666666
75.0,1.0,71.0,572.0534659318879,572.0534659318879,0.0,1482.1866666666667,785.6133333333333,0.6671201818806247,311.7043018903703,96522.52,17152.773333333334,4565.8133333333335
75.0,1.0,4.0,2402.4706586271486,2402.4706586271486,0.0,33195.69666666666,785.2266666666667,0.6120590971063965,78.12110122666665,3319.5866666666666,780.6666666666666,1694.8533333333332
75.0,1.0,71.0,460.3936155260467,460.3936155260467,0.0,3263.8,781.96,0.6846155637362036,273.52224062696297,86725.29333333333,16271.613333333333,3867.04
50.0,1.0,4.0,2484.8199691209998,2484.8199691209998,0.0,12450.123333333333,775.46,0.6706053284313479,72.24070067555556,3439.08,746.2,1697.92
125.0,1.0,124.0,352.2661139592661,352.2661139592661,0.0,0.0,782.392,0.6826666713626253,391.3889310506667,216879.2,34038.392,0.0
25.0,1.0,24.0,594.4784811653758,594.4784811653758,0.0,0.0,775.4,0.7808981941834052,85.57054026666668,20309.36,5306.64,0.0
10.0,1.0,9.0,847.9210575447015,847.9210575447015,0.0,0.0,775.1,0.8083588601595885,95.3135032,6163.4,1718.7,0.0
50.0,1.0,47.0,523.4887552411633,523.4887552411633,0.0,3656.85,785.3,0.6209880810743066,284.04346686577776,57401.92,9240.7,3164.92
75.0,1.0,71.0,256.3330106505108,256.3330106505108,0.0,773.3233333333334,775.4266666666666,0.7788018199603606,83.90512181925925,70991.49333333333,17077.28,3608.28
75.0,1.0,74.0,452.6448666996682,452.6448666996682,0.0,0.0,782.04,0.6623334547257949,417.0459451045929,109391.77333333333,17148.066666666666,0.0
75.0,1.0,74.0,458.9133639299368,458.9133639299368,0.0,0.0,782.3733333333333,0.6747036054299997,407.1581507531851,107770.77333333333,17614.173333333332,0.0
50.0,1.0,49.0,488.78634374602746,488.78634374602746,0.0,0.0,781.88,0.6158837688124649,394.52869609777775,70926.34,10160.74,0.0
50.0,1.0,12.58,1242.9677268743105,1242.9677268743105,0.0,7010.833333333333,775.18,0.725326390041456,81.324941056,10069.24,2222.34,1924.46
100.0,1.0,4.0,2565.6180245218325,2565.6180245218325,0.0,12978.993333333334,782.13,0.4087643023908113,59.64277394755551,8935.29,1905.01,3618.79
25.0,1.0,4.0,1621.208909048311,1621.208909048311,0.0,9343.753333333334,781.68,0.649360396911861,134.82089457777778,2972.08,760.4,1663.72
140.0,1.0,4.0,6621.572288655177,6621.572288655177,0.0,33600.316666666666,785.3785714285714,0.6201986645135987,65.79699308888887,5384.214285714285,942.7142857142857,2489.1428571428573
75.0,1.0,74.0,167.56974805467982,167.56974805467982,0.0,0.0,775.5733333333334,0.6304254808740817,67.38206879762963,105505.13333333333,18341.253333333334,0.0
25.0,1.0,23.0,470.0048960134651,470.0048960134651,0.0,3426.54,781.48,0.6161402765210018,269.25438625066664,24643.36,4614.28,2298.36
50.0,1.0,8.98,1382.0096480008922,1382.0096480008922,0.0,18561.783333333333,781.78,0.6327959118146628,109.34931845333332,6192.24,1414.42,1763.56
50.0,1.0,9.0,2159.375681370331,2159.375681370331,0.0,10595.216666666667,781.76,0.6774981336073819,135.52855861333333,7674.66,1531.64,1980.62
50.0,1.0,4.0,2948.4149035131413,2948.4149035131413,0.0,17335.356666666667,781.72,0.6466322856640602,106.06589384888889,3291.1,743.66,1732.62
10.0,1.0,6.0,727.3954454965858,727.3954454965858,0.0,2971.7433333333333,781.6,0.6894072164572742,194.9314704,4405.6,1180.0,1580.7
25.0,1.0,24.0,526.3397296240314,526.3397296240314,0.0,0.0,782.08,0.5965797545324968,333.6723251555555,34077.84,5848.12,0.0
125.0,1.0,9.0,2596.000194560988,2596.000194560988,0.0,35761.17,785.376,0.6239815315106518,77.4091802567111,8295.56,1703.76,2379.064
100.0,1.0,4.0,5713.458661031494,5713.458661031494,0.0,28909.256666666668,785.4,0.6558239539865127,74.63292623199997,4297.52,864.58,2069.1
50.0,1.0,12.54,1084.2762492974623,1084.2762492974623,0.0,14266.476666666667,775.5,0.687753711755515,70.02987804266668,8720.34,2094.88,1778.1
75.0,1.0,9.0,1872.390712119471,1872.390712119471,0.0,25541.47333333333,782.0266666666666,0.6510307744328994,94.59009944888889,6816.253333333333,1563.4,1875.8533333333332
100.0,1.0,9.0,1976.8597004027304,1976.8597004027304,0.0,11624.286666666667,782.19,0.4888742997111137,73.00553061333333,16185.41,3196.78,3844.71
125.0,1.0,9.0,2056.0953991610145,2056.0953991610145,0.0,12140.73,781.904,0.46095298900116854,67.36293833315555,16585.688,2960.752,4324.728
25.0,1.0,8.0,801.2947867863362,801.2947867863362,0.0,10326.396666666667,775.48,0.661382821862034,74.0581188622222,4839.52,1335.36,1543.8
75.0,1.0,71.0,537.1410311920574,537.1410311920574,0.0,3803.286666666667,785.28,0.6714181921304352,301.60313021392597,87651.04,15818.52,3859.32
10.0,1.0,8.0,662.4553692558002,662.4553692558002,0.0,1693.9266666666667,785.6,0.7004770296710421,295.08178994666656,7258.1,1800.1,1748.3
50.0,1.0,47.0,567.0338444770681,567.0338444770681,0.0,1700.1833333333334,785.2,0.6208870649121866,291.44963239466665,62074.62,10139.76,3665.72
100.0,1.0,9.0,3932.524188113957,3932.524188113957,0.0,19695.566666666666,785.27,0.6772236222281048,111.41751062755554,9370.94,1695.46,2391.29
125.0,1.0,14.0,3110.3824059662306,3110.3824059662306,0.0,18213.646666666667,785.368,0.6674577419792207,109.45865707733337,16390.824,2764.728,2974.024
2.0,1.0,1.0,1018.5748398307544,1018.5748398307544,0.0,0.0,775.5,0.7895689086527914,101.74428488888888,1086.5,229.5,0.0
50.0,1.0,9.0,2215.9961152057917,2215.9961152057917,0.0,12765.446666666667,785.36,0.653409482643093,148.55190825600005,7649.8,1504.54,1982.22
100.0,1.0,9.0,1017.3290579855974,1017.3290579855974,0.0,5979.406666666667,775.63,0.5834841427444339,57.8656283991111,13182.5,2735.83,3106.81
2.0,1.0,0.0,376.53122298150697,376.53122298150697,0.0,1128.28,785.5,0.7043510130357936,253.6051728888889,1085.5,219.0,959.5
125.0,1.0,4.0,5685.910385906442,5685.910385906442,0.0,33845.013333333336,785.224,0.630965006510054,65.92818390755554,4909.168,920.928,2309.672
140.0,1.0,134.0,341.2744948500212,341.2744948500212,0.0,2387.0233333333335,782.2142857142857,0.7159817067360581,272.3129712412698,206586.0357142857,43194.44285714286,7279.15
10.0,1.0,9.0,736.1683116067073,736.1683116067073,0.0,0.0,785.5,0.6668487548775562,383.4265083555556,9868.0,2055.9,0.0
50.0,1.0,47.0,506.07025035876177,506.07025035876177,0.0,1514.7866666666666,781.74,0.635170073952579,257.5535290702222,60125.76,10078.88,3561.08
25.0,1.0,23.0,530.785507462256,530.785507462256,0.0,3856.94,775.6,0.732256823438136,84.33131790222222,16897.48,4420.32,1954.6
50.0,1.0,49.0,480.75603421700373,480.75603421700373,0.0,0.0,782.28,0.6155577723854393,395.7847268231111,71198.92,9801.2,0.0
25.0,1.0,8.0,1271.5965900130705,1271.5965900130705,0.0,5978.75,781.48,0.6750822011091944,155.64145813333332,6565.28,1527.8,1865.84
100.0,1.0,9.0,2346.1998219344623,2346.1998219344623,0.0,32164.176666666666,785.36,0.6337955397124962,87.63696967466666,7537.96,1584.41,2098.8
10.0,1.0,7.0,409.9700834637373,409.9700834637373,0.0,4015.463333333333,785.6,0.6520243424715766,218.57647944888885,5130.3,1317.8,1507.7
125.0,1.0,119.288,453.6558016977979,453.6558016977979,0.0,3210.3166666666666,785.616,0.6937557607505471,299.90736135964454,180488.056,34486.832,6484.152
75.0,1.0,74.0,539.3794872428209,539.3794872428209,0.0,0.0,785.5066666666667,0.6440833751277951,410.878004461037,115247.73333333334,17726.36,0.0
100.0,1.0,9.0,3684.867378995968,3684.867378995968,0.0,21653.24,785.29,0.6705378665280962,108.06861393066671,9055.05,1676.47,2346.41
50.0,1.0,49.0,504.67257412098144,504.67257412098144,0.0,0.0,782.02,0.628035894419449,391.59405535466664,69102.34,10337.82,0.0
100.0,1.0,99.0,363.4579528908165,363.4579528908165,0.0,0.0,782.15,0.5998015734933503,383.0745180302223,179227.45,22356.46,0.0
125.0,1.0,4.0,6254.716895945407,6254.716895945407,0.0,31711.716666666667,785.448,0.6378442688110486,68.06314285368889,5027.976,927.368,2344.032
100.0,1.0,9.0,1867.2053421497026,1867.2053421497026,0.0,9348.58,782.17,0.44731000151413064,70.8551856391111,17453.38,3203.93,4230.15
75.0,1.0,13.0,1249.0189090539586,1249.0189090539586,0.0,16835.43,775.3466666666667,0.7043521539724965,65.48273622992595,10094.746666666666,2381.48,1950.4933333333333
25.0,1.0,24.0,516.7063686613734,516.7063686613734,0.0,0.0,785.16,0.5598823749030851,332.28211004444444,37256.8,5692.4,0.0
10.0,1.0,8.0,490.1052917371686,490.1052917371686,0.0,3420.3166666666666,775.5,0.7319287187532593,103.19425973333331,5121.9,1571.3,1440.2
50.0,1.0,49.0,330.29427097133936,330.29427097133936,0.0,0.0,775.6,0.715477473889631,77.14208010666665,51718.42,9511.68,0.0
2.0,1.0,0.0,189.25407228540513,189.25407228540513,0.0,1323.0733333333333,782.5,0.6955643333451915,223.90155066666668,1142.5,228.0,944.0
25.0,1.0,4.0,1833.6201024421428,1833.6201024421428,0.0,8996.753333333334,785.28,0.6496546010155293,141.97260004977775,3064.76,771.36,1722.12
2.0,1.0,0.0,191.45984657253453,191.45984657253453,0.0,1340.81,785.0,0.705954469628298,213.73068933333332,1135.0,223.5,932.0
10.0,1.0,3.0,804.0078963892047,804.0078963892047,0.0,4346.01,781.5,0.6478635939037029,151.36407137777775,2425.1,632.2,1450.2
140.0,1.0,9.0,4575.858097867416,4575.858097867416,0.0,23051.666666666668,785.35,0.6480711314890574,87.15202445079366,11026.65,1896.5357142857142,2944.3142857142857
100.0,1.0,13.08,2989.30877896039,2989.30877896039,0.0,14820.663333333334,785.25,0.6816005616037093,125.20611769244441,15179.54,2487.7,2613.66
140.0,1.0,4.0,2256.5824078610685,2256.5824078610685,0.0,11452.396666666667,782.3714285714286,0.3248876165191022,60.02649589142856,10794.414285714285,2315.4785714285713,5034.678571428572
100.0,1.0,95.04,521.9710929996211,521.9710929996211,0.0,3662.286666666667,785.5,0.6984008449263024,311.83827871288884,122467.37,22145.73,5025.52
50.0,1.0,4.0,1630.6659154488204,1630.6659154488204,0.0,22394.35,775.26,0.6155511950016648,60.931123359999994,3001.72,691.68,1553.82
25.0,1.0,24.0,514.6462650909684,514.6462650909684,0.0,0.0,781.64,0.5998597381382397,331.93442437688884,33753.68,5664.4,0.0
25.0,1.0,4.0,917.4655633582646,917.4655633582646,0.0,12342.273333333333,785.32,0.5993431573394803,112.69088074666665,2737.04,711.84,1532.6
50.0,1.0,49.0,296.53739940882423,296.53739940882423,0.0,0.0,775.28,0.6720580963061323,69.22925909333334,57775.2,9908.2,0.0
10.0,1.0,6.0,677.7360264543703,677.7360264543703,0.0,3251.4333333333334,781.3,0.6818559462116083,191.38081315555553,4296.9,1150.2,1553.6
75.0,1.0,74.0,526.1063043288246,526.1063043288246,0.0,0.0,785.08,0.6407161602073486,409.76296663940735,115295.94666666667,17039.706666666665,0.0
75.0,1.0,4.0,3942.1238760288315,3942.1238760288315,0.0,19881.173333333332,781.8533333333334,0.6373257417004143,81.96926269037034,4155.08,850.9066666666666,1879.2
125.0,1.0,9.0,651.0430168783333,651.0430168783333,0.0,3272.12,775.472,0.44845776335508963,55.892255201422245,16640.288,3435.624,4661.096
25.0,1.0,11.0,952.8362688871588,952.8362688871588,0.0,5031.48,775.52,0.7262095238070555,89.44518552888887,8021.8,2091.6,1747.92
140.0,1.0,9.0,2758.497782946433,2758.497782946433,0.0,38045.88333333333,785.3928571428571,0.6067241476729853,74.85709634920637,8770.078571428572,1710.9642857142858,2527.6
140.0,1.0,134.0,456.7558081106891,456.7558081106891,0.0,1369.4033333333334,785.5,0.6913933339874558,310.1002086444445,225503.25,42829.764285714286,8258.585714285715
125.0,1.0,4.0,3144.076538627953,3144.076538627953,0.0,43679.323333333334,785.344,0.5956707986998249,60.46074744177779,4478.744,875.624,2131.776
10.0,1.0,6.0,443.9881474510798,443.9881474510798,0.0,4963.013333333333,775.7,0.6659479909992502,102.70441706666664,3352.4,1016.0,1326.1
140.0,1.0,4.0,969.9243268633824,969.9243268633824,0.0,4925.36,775.2571428571429,0.41961891598323225,53.824270866031725,9129.4,1928.107142857143,3995.035714285714
75.0,1.0,74.0,449.13863848078665,449.13863848078665,0.0,0.0,782.0666666666667,0.6655164141976083,399.47285438103705,108015.33333333333,16659.24,0.0
75.0,1.0,13.0,2460.614688532729,2460.614688532729,0.0,12073.036666666667,785.4,0.6771470788148419,135.86763945481476,14190.946666666667,2477.4933333333333,2311.6133333333332
10.0,1.0,6.0,719.8150792522869,719.8150792522869,0.0,3457.6566666666668,775.3,0.7239005293010137,99.94784666666666,3690.3,1129.8,1415.2
2.0,1.0,1.0,890.50583723715,890.50583723715,0.0,0.0,786.0,0.7867194102664026,384.97556977777776,1298.0,201.0,0.0
50.0,1.0,49.0,533.8435468472959,533.8435468472959,0.0,0.0,785.06,0.5811797224609023,395.1248347911112,77275.86,10531.64,0.0
10.0,1.0,6.0,770.7260415403126,770.7260415403126,0.0,3151.596666666667,774.9,0.7351362470896221,98.35833146666667,3748.5,1147.9,1429.8
140.0,1.0,14.0,2333.226617990783,2333.226617990783,0.0,32000.456666666665,785.25,0.6232002720886767,92.42677928253966,13473.2,2587.7785714285715,2764.1285714285714
2.0,1.0,1.0,619.2851562722627,619.2851562722627,0.0,0.0,785.0,0.7864423539326126,326.59419288888887,1486.5,176.5,0.0
75.0,1.0,4.0,3906.705869258075,3906.705869258075,0.0,23120.29,781.7866666666666,0.659764935565132,85.494261357037,3751.653333333333,827.0533333333333,1840.8533333333332
75.0,1.0,9.0,3260.94871263098,3260.94871263098,0.0,16222.313333333334,785.4,0.6815540680461826,123.23678199940743,8618.933333333332,1685.76,2123.786666666667
25.0,1.0,11.0,681.1712829633387,681.1712829633387,0.0,8382.033333333333,785.16,0.6270301857289109,164.33039815111107,8747.44,1983.28,1798.76
75.0,1.0,13.0,2352.080168068052,2352.080168068052,0.0,13543.74,785.1333333333333,0.6751492846037592,136.22050224592593,13661.92,2451.1466666666665,2268.173333333333
75.0,1.0,9.0,1945.2850785078454,1945.2850785078454,0.0,26504.636666666665,785.16,0.6357202456870173,112.89576711229627,6979.586666666667,1558.5733333333333,1894.3733333333332
75.0,1.0,9.0,2819.7306710586486,2819.7306710586486,0.0,14026.52,781.8266666666667,0.6904259452659108,118.95268660148147,8518.733333333334,1694.56,2107.9333333333334
100.0,1.0,13.09,518.9612582303923,518.9612582303923,0.0,3025.266666666667,775.15,0.4689832760177383,55.33422919022222,24149.02,5102.21,4366.39
10.0,1.0,8.0,617.0919668989266,617.0919668989266,0.0,1850.0266666666666,785.6,0.6858607261904017,285.15215911111113,7371.6,1784.4,1760.2
10.0,1.0,9.0,877.4373998606349,877.4373998606349,0.0,0.0,775.4,0.8135813807179517,102.73462159999998,6518.6,1843.6,0.0
100.0,1.0,4.0,2722.7239593582553,2722.7239593582553,0.0,37735.23,781.61,0.6131893100431884,66.79416519111112,3899.91,815.6,1900.42
25.0,1.0,23.0,577.5892753438625,577.5892753438625,0.0,1803.73,785.12,0.6124524589121242,282.71885866666673,27052.88,5060.2,2542.08
10.0,1.0,7.0,442.33952350273614,442.33952350273614,0.0,4330.06,775.7,0.6931378054283546,99.26766071111109,4281.3,1297.5,1381.1
50.0,1.0,47.0,510.09223644720595,510.09223644720595,0.0,1301.7666666666667,782.08,0.6340542165963056,264.77805426844446,61173.96,10086.04,3623.58
50.0,1.0,47.0,470.00801023611467,470.00801023611467,0.0,3279.13,781.76,0.6279063535936702,269.3530749279999,57225.06,9366.68,3196.84
25.0,1.0,11.0,995.979261294205,995.979261294205,0.0,5260.78,785.16,0.6477330856033592,162.69100576000002,10271.48,2187.2,1988.84
125.0,1.0,124.0,449.7963293312526,449.7963293312526,0.0,0.0,785.752,0.6756044845765489,427.1388810382223,231042.248,35472.912,0.0
75.0,1.0,74.0,157.07660210882042,157.07660210882042,0.0,0.0,775.1866666666666,0.6013419207754264,61.674339962074086,115071.50666666667,20623.826666666668,0.0
50.0,1.0,47.0,390.2165220093101,390.2165220093101,0.0,1165.79,775.28,0.7612119195933137,86.70523404977776,43467.38,9845.7,2879.38
100.0,1.0,99.0,388.4397086866227,388.4397086866227,0.0,0.0,781.93,0.6460412924680469,390.30913248977777,166212.97,22453.36,0.0
140.0,1.0,14.0,3490.96766394106,3490.96766394106,0.0,17459.096666666668,785.3357142857143,0.6598052562359009,102.83771020317457,17404.871428571427,2885.4,3273.442857142857
50.0,1.0,47.0,383.34777996588224,383.34777996588224,0.0,971.4533333333334,775.52,0.7549767461018497,85.09016628799999,44316.94,9889.62,2912.9
